>CCCCYTKTARCA	12-TGYTAMARGGGG	6.807295	-209.581028	0	T:767.0(83.37%),B:12360.2(50.83%),P:1e-91
0.072	0.649	0.095	0.184
0.119	0.879	0.001	0.001
0.001	0.654	0.001	0.344
0.292	0.572	0.001	0.135
0.186	0.398	0.096	0.320
0.049	0.001	0.141	0.809
0.136	0.188	0.329	0.348
0.081	0.186	0.024	0.709
0.550	0.043	0.007	0.400
0.435	0.030	0.366	0.168
0.069	0.914	0.001	0.016
0.489	0.216	0.004	0.291
