>TGTCAGAACATG	8-TGTCAGAACATG,BestGuess:TP63/MA0525.2/Jaspar(0.721)	5.845299	-217.351024	0	T:852.0(92.61%),B:15272.9(62.81%),P:1e-94
0.001	0.001	0.055	0.943
0.081	0.001	0.826	0.092
0.025	0.001	0.161	0.813
0.061	0.548	0.006	0.385
0.853	0.001	0.001	0.145
0.048	0.238	0.633	0.081
0.703	0.171	0.057	0.069
0.838	0.001	0.056	0.105
0.133	0.733	0.133	0.001
0.665	0.051	0.001	0.283
0.077	0.001	0.042	0.880
0.001	0.001	0.842	0.156
