>TGYTAMARGGGG	12-TGYTAMARGGGG,BestGuess:YER130C/MA0423.1/Jaspar(0.658)	6.807295	-209.581028	0	T:767.0(83.37%),B:12360.2(50.83%),P:1e-91
0.291	0.004	0.216	0.489
0.016	0.001	0.914	0.069
0.168	0.366	0.030	0.435
0.400	0.007	0.043	0.550
0.709	0.024	0.186	0.081
0.348	0.329	0.188	0.136
0.809	0.141	0.001	0.049
0.320	0.096	0.398	0.186
0.135	0.001	0.572	0.292
0.344	0.001	0.654	0.001
0.001	0.001	0.879	0.119
0.184	0.095	0.649	0.072
