>DGTATCTGAAAN	16-NTTTCAGATACH	5.852219	-207.659520	0	T:874.0(95.00%),B:16451.9(67.66%),P:1e-90
0.311	0.125	0.226	0.338
0.149	0.115	0.539	0.197
0.168	0.076	0.113	0.643
0.592	0.091	0.121	0.196
0.142	0.086	0.090	0.682
0.130	0.555	0.109	0.206
0.158	0.057	0.059	0.726
0.178	0.101	0.606	0.115
0.693	0.080	0.111	0.116
0.683	0.120	0.106	0.091
0.661	0.114	0.088	0.137
0.280	0.219	0.218	0.283
