>AGATAAYCTCTA	13-TAGAGRTTATCT	5.274785	-209.122300	0	T:853.0(92.72%),B:15491.7(63.71%),P:1e-90
0.874	0.124	0.001	0.001
0.082	0.001	0.916	0.001
0.607	0.042	0.350	0.001
0.406	0.001	0.001	0.592
0.929	0.016	0.001	0.054
0.703	0.140	0.156	0.001
0.001	0.518	0.099	0.382
0.079	0.516	0.262	0.143
0.001	0.141	0.258	0.600
0.055	0.820	0.001	0.124
0.105	0.001	0.097	0.797
0.874	0.001	0.001	0.124
