>TAGAGRTTATCT	13-TAGAGRTTATCT,BestGuess:TRPS1(Zf)/MCF7-TRPS1-ChIP-Seq(GSE107013)/Homer(0.657)	5.274785	-209.122300	0	T:853.0(92.72%),B:15491.7(63.71%),P:1e-90
0.124	0.001	0.001	0.874
0.797	0.097	0.001	0.105
0.124	0.001	0.820	0.055
0.600	0.258	0.141	0.001
0.143	0.262	0.516	0.079
0.382	0.099	0.518	0.001
0.001	0.156	0.140	0.703
0.054	0.001	0.016	0.929
0.592	0.001	0.001	0.406
0.001	0.350	0.042	0.607
0.001	0.916	0.001	0.082
0.001	0.001	0.124	0.874
