>AAAGGTGTGTTC	11-GAACACACCTTT	6.015652	-209.988519	0	T:847.0(92.07%),B:15224.8(62.62%),P:1e-91
0.790	0.054	0.086	0.070
0.804	0.054	0.124	0.018
0.806	0.042	0.035	0.117
0.118	0.090	0.703	0.089
0.073	0.134	0.705	0.088
0.075	0.034	0.037	0.854
0.041	0.089	0.733	0.137
0.063	0.096	0.001	0.840
0.138	0.118	0.503	0.241
0.058	0.014	0.107	0.821
0.113	0.048	0.046	0.793
0.008	0.670	0.015	0.307
