>GAACACACCTTT	11-GAACACACCTTT,BestGuess:Ptf1a(var.3)/MA1620.1/Jaspar(0.659)	6.015652	-209.988519	0	T:847.0(92.07%),B:15224.8(62.62%),P:1e-91
0.307	0.015	0.670	0.008
0.793	0.046	0.048	0.113
0.821	0.107	0.014	0.058
0.241	0.503	0.118	0.138
0.840	0.001	0.096	0.063
0.137	0.733	0.089	0.041
0.854	0.037	0.034	0.075
0.088	0.705	0.134	0.073
0.089	0.703	0.090	0.118
0.117	0.035	0.042	0.806
0.018	0.124	0.054	0.804
0.070	0.086	0.054	0.790
