>GARTGGTCATCGCCC	ZNF669(Zf)/HEK293-ZNF669.GFP-ChIP-Seq(GSE58341)/Homer	8.241079	-30.878913	0	T:80.0(8.70%),B:794.4(3.27%),P:1e-13
0.244	0.245	0.463	0.049
0.853	0.049	0.049	0.049
0.293	0.171	0.414	0.122
0.097	0.220	0.073	0.610
0.122	0.024	0.805	0.049
0.024	0.024	0.879	0.073
0.049	0.024	0.073	0.854
0.024	0.951	0.024	0.001
0.587	0.072	0.340	0.001
0.001	0.024	0.097	0.878
0.024	0.974	0.001	0.001
0.366	0.024	0.586	0.024
0.025	0.683	0.097	0.195
0.001	0.951	0.024	0.024
0.072	0.854	0.001	0.073
