>RGGGTAWWWTHGTAA	Unknown1/Arabidopsis-Promoters/Homer	8.728870	-77.036317	0	T:211.0(22.93%),B:2215.7(9.11%),P:1e-33
0.544	0.001	0.418	0.037
0.001	0.001	0.980	0.018
0.018	0.001	0.980	0.001
0.142	0.034	0.746	0.078
0.022	0.226	0.001	0.751
0.876	0.001	0.052	0.071
0.385	0.073	0.115	0.427
0.426	0.011	0.050	0.513
0.407	0.020	0.042	0.531
0.242	0.127	0.041	0.590
0.234	0.315	0.163	0.288
0.001	0.001	0.997	0.001
0.080	0.004	0.257	0.659
0.484	0.309	0.098	0.109
0.864	0.032	0.004	0.100
