>CTTGNNNNNCAAGNA	ANAC013(NAC)/col-ANAC013-DAP-Seq(GSE60143)/Homer	7.332502	-94.118446	0	T:310.0(33.70%),B:3721.0(15.30%),P:1e-40
0.070	0.873	0.001	0.056
0.001	0.002	0.340	0.657
0.001	0.001	0.001	0.997
0.100	0.142	0.640	0.118
0.220	0.218	0.229	0.334
0.224	0.215	0.223	0.338
0.218	0.275	0.276	0.231
0.325	0.217	0.216	0.242
0.329	0.227	0.224	0.219
0.122	0.657	0.124	0.097
0.997	0.001	0.001	0.001
0.674	0.324	0.001	0.001
0.032	0.001	0.928	0.039
0.196	0.276	0.205	0.323
0.460	0.223	0.062	0.256
