>RGTGGGGTGGRG	20-RGTGGGGTGGRG	5.784327	-200.282528	0	T:743.0(80.76%),B:11802.8(48.54%),P:1e-86
0.525	0.032	0.437	0.006
0.001	0.067	0.931	0.001
0.116	0.104	0.001	0.779
0.064	0.041	0.831	0.064
0.059	0.032	0.877	0.032
0.032	0.001	0.862	0.105
0.132	0.001	0.835	0.032
0.032	0.083	0.001	0.884
0.096	0.001	0.830	0.073
0.032	0.064	0.872	0.032
0.448	0.073	0.406	0.073
0.077	0.342	0.580	0.001
