>NTTTCAGATACH	16-NTTTCAGATACH,BestGuess:CHR(?)/Hela-CellCycle-Expression/Homer(0.676)	5.852219	-207.659520	0	T:874.0(95.00%),B:16451.9(67.66%),P:1e-90
0.283	0.218	0.219	0.280
0.137	0.088	0.114	0.661
0.091	0.106	0.120	0.683
0.116	0.111	0.080	0.693
0.115	0.606	0.101	0.178
0.726	0.059	0.057	0.158
0.206	0.109	0.555	0.130
0.682	0.090	0.086	0.142
0.196	0.121	0.091	0.592
0.643	0.113	0.076	0.168
0.197	0.539	0.115	0.149
0.338	0.226	0.125	0.311
