>CATGTTCTGACA	8-TGTCAGAACATG	5.845299	-217.351024	0	T:852.0(92.61%),B:15272.9(62.81%),P:1e-94
0.156	0.842	0.001	0.001
0.880	0.042	0.001	0.077
0.283	0.001	0.051	0.665
0.001	0.133	0.733	0.133
0.105	0.056	0.001	0.838
0.069	0.057	0.171	0.703
0.081	0.633	0.238	0.048
0.145	0.001	0.001	0.853
0.385	0.006	0.548	0.061
0.813	0.161	0.001	0.025
0.092	0.826	0.001	0.081
0.943	0.055	0.001	0.001
