>GTGRGATGTGAG	5-GTGRGATGTGAG,BestGuess:TBX15/MA0803.1/Jaspar(0.712)	6.272580	-229.944739	0	T:837.0(90.98%),B:14401.2(59.23%),P:1e-99
0.100	0.119	0.640	0.141
0.029	0.007	0.094	0.870
0.001	0.007	0.694	0.298
0.508	0.004	0.487	0.001
0.095	0.109	0.735	0.061
0.619	0.008	0.372	0.001
0.112	0.001	0.107	0.780
0.032	0.058	0.779	0.131
0.205	0.001	0.001	0.793
0.001	0.143	0.810	0.046
0.867	0.001	0.113	0.019
0.001	0.061	0.744	0.194
