>GATTCAWTGAAT	EIL4(EIL)/Tomato-EIL4-ChIP-Seq(GSE116581)/Homer	8.618875	-59.668499	0	T:166.0(18.04%),B:1736.6(7.14%),P:1e-25
0.233	0.093	0.467	0.208
0.570	0.009	0.404	0.017
0.047	0.001	0.001	0.951
0.264	0.060	0.203	0.473
0.103	0.895	0.001	0.001
0.799	0.009	0.043	0.149
0.368	0.094	0.069	0.469
0.128	0.017	0.001	0.854
0.001	0.023	0.925	0.051
0.527	0.127	0.052	0.294
0.959	0.001	0.008	0.032
0.001	0.375	0.008	0.616
