>WWTGGCGCCAWWWNN	E2FA(E2FDP)/colamp-E2FA-DAP-Seq(GSE60143)/Homer	5.699847	-157.024545	0	T:526.0(57.17%),B:7004.5(28.81%),P:1e-68
0.319	0.141	0.176	0.364
0.323	0.127	0.180	0.370
0.267	0.092	0.204	0.438
0.191	0.286	0.492	0.032
0.002	0.167	0.824	0.007
0.018	0.953	0.001	0.028
0.023	0.001	0.940	0.036
0.009	0.822	0.167	0.002
0.024	0.492	0.276	0.208
0.426	0.215	0.091	0.267
0.365	0.183	0.120	0.332
0.360	0.170	0.145	0.325
0.356	0.165	0.198	0.282
0.266	0.227	0.181	0.326
0.267	0.226	0.206	0.301
