>TRCKTGTNNNWCAMG	CUC2(NAC)/colamp-CUC2-DAP-Seq(GSE60143)/Homer	7.092766	-88.245229	0	T:300.0(32.61%),B:3644.3(14.99%),P:1e-38
0.308	0.035	0.190	0.467
0.387	0.151	0.289	0.173
0.050	0.897	0.012	0.041
0.016	0.004	0.527	0.453
0.013	0.004	0.003	0.980
0.238	0.122	0.560	0.080
0.260	0.203	0.109	0.428
0.284	0.221	0.232	0.263
0.285	0.221	0.226	0.267
0.285	0.242	0.199	0.274
0.412	0.118	0.196	0.274
0.080	0.572	0.106	0.242
0.992	0.002	0.001	0.005
0.459	0.520	0.003	0.018
0.048	0.016	0.876	0.060
