>AAGTTGGGTC	1-AAGTTGGGTC	2.535967	-267.691288	0	T:818.0(88.91%),B:12934.0(53.19%),P:1e-116	Tpos:1524.5,Tstd:872.6,Bpos:751.1,Bstd:817.0,StrandBias:-0.0,Multiplicity:2.75
0.586	0.412	0.001	0.001
0.878	0.001	0.120	0.001
0.001	0.100	0.898	0.001
0.001	0.001	0.415	0.583
0.001	0.001	0.356	0.642
0.001	0.001	0.997	0.001
0.001	0.001	0.997	0.001
0.001	0.001	0.997	0.001
0.001	0.223	0.001	0.775
0.001	0.997	0.001	0.001
>CGAGTAACAA	2-CGAGTAACAA	6.404373	-243.349917	0	T:834.0(90.65%),B:14010.5(57.62%),P:1e-105	Tpos:1518.1,Tstd:847.0,Bpos:657.4,Bstd:688.5,StrandBias:0.1,Multiplicity:2.19
0.100	0.700	0.100	0.100
0.100	0.100	0.700	0.100
0.700	0.100	0.100	0.100
0.100	0.100	0.700	0.100
0.100	0.100	0.100	0.700
0.700	0.100	0.100	0.100
0.700	0.100	0.100	0.100
0.100	0.700	0.100	0.100
0.700	0.100	0.100	0.100
0.700	0.100	0.100	0.100
>TGDTKKTTTG	3-TGDTKKTTTG	5.899859	-242.836707	0	T:809.0(87.93%),B:13096.5(53.86%),P:1e-105	Tpos:1486.4,Tstd:847.5,Bpos:700.3,Bstd:707.6,StrandBias:-0.1,Multiplicity:2.66
0.166	0.250	0.047	0.537
0.068	0.070	0.805	0.057
0.285	0.157	0.334	0.224
0.066	0.072	0.041	0.821
0.044	0.185	0.322	0.448
0.070	0.049	0.506	0.375
0.029	0.229	0.271	0.471
0.232	0.241	0.036	0.492
0.127	0.070	0.219	0.584
0.032	0.167	0.492	0.309
>GACTCCCACT	4-GACTCCCACT	6.404373	-242.130807	0	T:814.0(88.48%),B:13289.5(54.66%),P:1e-105	Tpos:1552.4,Tstd:855.7,Bpos:686.5,Bstd:705.1,StrandBias:-0.1,Multiplicity:2.25
0.100	0.100	0.700	0.100
0.700	0.100	0.100	0.100
0.100	0.700	0.100	0.100
0.100	0.100	0.100	0.700
0.100	0.700	0.100	0.100
0.100	0.700	0.100	0.100
0.100	0.700	0.100	0.100
0.700	0.100	0.100	0.100
0.100	0.700	0.100	0.100
0.100	0.100	0.100	0.700
>CCTAGGGAGA	5-CCTAGGGAGA	6.404373	-236.639729	0	T:787.0(85.54%),B:12462.7(51.26%),P:1e-102	Tpos:1460.0,Tstd:857.6,Bpos:675.1,Bstd:719.0,StrandBias:-0.1,Multiplicity:2.40
0.100	0.700	0.100	0.100
0.100	0.700	0.100	0.100
0.100	0.100	0.100	0.700
0.700	0.100	0.100	0.100
0.100	0.100	0.700	0.100
0.100	0.100	0.700	0.100
0.100	0.100	0.700	0.100
0.700	0.100	0.100	0.100
0.100	0.100	0.700	0.100
0.700	0.100	0.100	0.100
>GTGACTATAC	6-GTGACTATAC	6.404373	-229.060752	0	T:767.0(83.37%),B:11960.5(49.19%),P:1e-99	Tpos:1477.7,Tstd:849.1,Bpos:681.7,Bstd:740.0,StrandBias:-0.2,Multiplicity:2.48
0.100	0.100	0.700	0.100
0.100	0.100	0.100	0.700
0.100	0.100	0.700	0.100
0.700	0.100	0.100	0.100
0.100	0.700	0.100	0.100
0.100	0.100	0.100	0.700
0.700	0.100	0.100	0.100
0.100	0.100	0.100	0.700
0.700	0.100	0.100	0.100
0.100	0.700	0.100	0.100
>CTATCTGGGG	7-CTATCTGGGG	-2.722472	-226.642504	0	T:898.0(97.61%),B:17281.9(71.08%),P:1e-98	Tpos:1493.1,Tstd:879.6,Bpos:690.8,Bstd:737.2,StrandBias:0.1,Multiplicity:3.16
0.001	0.997	0.001	0.001
0.001	0.001	0.001	0.997
0.997	0.001	0.001	0.001
0.001	0.001	0.001	0.997
0.001	0.997	0.001	0.001
0.001	0.001	0.001	0.997
0.001	0.064	0.934	0.001
0.001	0.001	0.997	0.001
0.001	0.001	0.997	0.001
0.001	0.001	0.997	0.001
>GGGTTGACCA	8-GGGTTGACCA	-0.167340	-226.145014	0	T:779.0(84.67%),B:12408.6(51.03%),P:1e-98	Tpos:1522.4,Tstd:853.9,Bpos:691.8,Bstd:734.5,StrandBias:0.2,Multiplicity:2.63
0.001	0.001	0.997	0.001
0.001	0.001	0.997	0.001
0.001	0.001	0.997	0.001
0.001	0.001	0.001	0.997
0.001	0.073	0.001	0.925
0.001	0.001	0.888	0.110
0.997	0.001	0.001	0.001
0.001	0.997	0.001	0.001
0.001	0.997	0.001	0.001
0.997	0.001	0.001	0.001
>AGGKACAGGG	9-AGGKACAGGG	4.516046	-225.554012	0	T:802.0(87.17%),B:13200.2(54.29%),P:1e-97	Tpos:1496.2,Tstd:848.2,Bpos:688.7,Bstd:714.5,StrandBias:0.2,Multiplicity:2.62
0.798	0.048	0.036	0.118
0.025	0.026	0.948	0.001
0.026	0.112	0.530	0.332
0.022	0.062	0.531	0.385
0.977	0.001	0.021	0.001
0.001	0.997	0.001	0.001
0.857	0.063	0.079	0.001
0.001	0.112	0.886	0.001
0.001	0.088	0.870	0.041
0.001	0.001	0.997	0.001
>AKTCTCACCA	10-AKTCTCACCA	6.052608	-225.087617	0	T:805.0(87.50%),B:13315.4(54.76%),P:1e-97	Tpos:1482.0,Tstd:856.5,Bpos:670.9,Bstd:647.7,StrandBias:0.0,Multiplicity:2.47
0.900	0.030	0.001	0.069
0.031	0.050	0.385	0.534
0.047	0.048	0.013	0.892
0.043	0.597	0.299	0.061
0.032	0.160	0.052	0.756
0.020	0.610	0.071	0.299
0.853	0.059	0.071	0.017
0.027	0.835	0.101	0.037
0.052	0.853	0.001	0.094
0.997	0.001	0.001	0.001
>AAGGGGGCTT	11-AAGGGGGCTT	6.404373	-224.645950	0	T:766.0(83.26%),B:12017.6(49.43%),P:1e-97	Tpos:1532.7,Tstd:891.5,Bpos:772.9,Bstd:927.9,StrandBias:-0.1,Multiplicity:1.81
0.700	0.100	0.100	0.100
0.700	0.100	0.100	0.100
0.100	0.100	0.700	0.100
0.100	0.100	0.700	0.100
0.100	0.100	0.700	0.100
0.100	0.100	0.700	0.100
0.100	0.100	0.700	0.100
0.100	0.700	0.100	0.100
0.100	0.100	0.100	0.700
0.100	0.100	0.100	0.700
>CTAAACTCCC	12-CTAAACTCCC	6.404373	-224.442040	0	T:851.0(92.50%),B:15080.0(62.02%),P:1e-97	Tpos:1480.2,Tstd:854.5,Bpos:719.2,Bstd:786.1,StrandBias:-0.1,Multiplicity:3.02
0.100	0.700	0.100	0.100
0.100	0.100	0.100	0.700
0.700	0.100	0.100	0.100
0.700	0.100	0.100	0.100
0.700	0.100	0.100	0.100
0.100	0.700	0.100	0.100
0.100	0.100	0.100	0.700
0.100	0.700	0.100	0.100
0.100	0.700	0.100	0.100
0.100	0.700	0.100	0.100
>GGCCCATTCG	13-GGCCCATTCG	-2.433255	-221.987051	0	T:881.0(95.76%),B:16479.8(67.78%),P:1e-96	Tpos:1491.5,Tstd:879.9,Bpos:752.4,Bstd:874.5,StrandBias:0.1,Multiplicity:2.62
0.001	0.001	0.884	0.114
0.001	0.001	0.997	0.001
0.001	0.997	0.001	0.001
0.001	0.997	0.001	0.001
0.001	0.997	0.001	0.001
0.688	0.310	0.001	0.001
0.001	0.310	0.001	0.688
0.001	0.001	0.001	0.997
0.001	0.997	0.001	0.001
0.001	0.001	0.997	0.001
>GTATTTCAGA	14-GTATTTCAGA	5.994003	-220.561413	0	T:810.0(88.04%),B:13587.2(55.88%),P:1e-95	Tpos:1505.3,Tstd:863.8,Bpos:696.4,Bstd:737.0,StrandBias:0.1,Multiplicity:2.61
0.007	0.046	0.945	0.002
0.014	0.092	0.366	0.528
0.967	0.002	0.008	0.023
0.022	0.145	0.265	0.568
0.041	0.002	0.095	0.862
0.005	0.006	0.007	0.982
0.170	0.522	0.001	0.307
0.698	0.003	0.194	0.105
0.226	0.005	0.631	0.138
0.997	0.001	0.001	0.001
>CCAGAGTCTC	15-CCAGAGTCTC	-3.585518	-217.718491	0	T:841.0(91.41%),B:14816.7(60.94%),P:1e-94	Tpos:1543.4,Tstd:857.6,Bpos:677.5,Bstd:705.9,StrandBias:0.0,Multiplicity:2.98
0.001	0.997	0.001	0.001
0.001	0.997	0.001	0.001
0.997	0.001	0.001	0.001
0.001	0.001	0.997	0.001
0.997	0.001	0.001	0.001
0.001	0.001	0.997	0.001
0.001	0.001	0.027	0.971
0.001	0.997	0.001	0.001
0.001	0.001	0.001	0.997
0.001	0.997	0.001	0.001
>TGTGCTAAAA	16-TGTGCTAAAA	6.404373	-214.479409	0	T:893.0(97.07%),B:17259.8(70.99%),P:1e-93	Tpos:1496.5,Tstd:841.8,Bpos:684.3,Bstd:687.9,StrandBias:0.1,Multiplicity:3.43
0.100	0.100	0.100	0.700
0.100	0.100	0.700	0.100
0.100	0.100	0.100	0.700
0.100	0.100	0.700	0.100
0.100	0.700	0.100	0.100
0.100	0.100	0.100	0.700
0.700	0.100	0.100	0.100
0.700	0.100	0.100	0.100
0.700	0.100	0.100	0.100
0.700	0.100	0.100	0.100
>CTTTATGCAA	17-CTTTATGCAA	6.404373	-212.011680	0	T:823.0(89.46%),B:14244.7(58.59%),P:1e-92	Tpos:1494.1,Tstd:877.1,Bpos:685.6,Bstd:687.7,StrandBias:0.1,Multiplicity:2.55
0.100	0.700	0.100	0.100
0.100	0.100	0.100	0.700
0.100	0.100	0.100	0.700
0.100	0.100	0.100	0.700
0.700	0.100	0.100	0.100
0.100	0.100	0.100	0.700
0.100	0.100	0.700	0.100
0.100	0.700	0.100	0.100
0.700	0.100	0.100	0.100
0.700	0.100	0.100	0.100
>GAACCGGCTA	18-GAACCGGCTA	-3.212919	-211.903305	0	T:874.0(95.00%),B:16359.8(67.28%),P:1e-92	Tpos:1464.6,Tstd:854.2,Bpos:669.9,Bstd:699.1,StrandBias:-0.1,Multiplicity:3.18
0.001	0.001	0.997	0.001
0.997	0.001	0.001	0.001
0.953	0.001	0.045	0.001
0.001	0.997	0.001	0.001
0.001	0.997	0.001	0.001
0.001	0.001	0.997	0.001
0.041	0.001	0.957	0.001
0.001	0.997	0.001	0.001
0.001	0.001	0.001	0.997
0.997	0.001	0.001	0.001
>NAGTCTCTTN	19-NAGTCTCTTN	4.848406	-208.691950	0	T:791.0(85.98%),B:13174.8(54.18%),P:1e-90	Tpos:1559.3,Tstd:847.0,Bpos:723.6,Bstd:826.9,StrandBias:0.1,Multiplicity:2.66
0.234	0.246	0.261	0.259
0.532	0.138	0.151	0.179
0.160	0.157	0.522	0.161
0.139	0.150	0.127	0.584
0.153	0.535	0.149	0.163
0.151	0.150	0.130	0.569
0.140	0.543	0.160	0.157
0.150	0.140	0.130	0.580
0.152	0.139	0.139	0.570
0.252	0.226	0.221	0.301
>GACTTGTGTT	20-GACTTGTGTT	6.404373	-208.669959	0	T:852.0(92.61%),B:15459.8(63.58%),P:1e-90	Tpos:1525.5,Tstd:869.8,Bpos:665.5,Bstd:727.6,StrandBias:0.1,Multiplicity:3.17
0.100	0.100	0.700	0.100
0.700	0.100	0.100	0.100
0.100	0.700	0.100	0.100
0.100	0.100	0.100	0.700
0.100	0.100	0.100	0.700
0.100	0.100	0.700	0.100
0.100	0.100	0.100	0.700
0.100	0.100	0.700	0.100
0.100	0.100	0.100	0.700
0.100	0.100	0.100	0.700
>GAGTGGGGTG	21-GAGTGGGGTG	6.404373	-204.304813	0	T:871.0(94.67%),B:16385.3(67.39%),P:1e-88	Tpos:1490.8,Tstd:852.4,Bpos:688.7,Bstd:677.2,StrandBias:-0.1,Multiplicity:2.48
0.100	0.100	0.700	0.100
0.700	0.100	0.100	0.100
0.100	0.100	0.700	0.100
0.100	0.100	0.100	0.700
0.100	0.100	0.700	0.100
0.100	0.100	0.700	0.100
0.100	0.100	0.700	0.100
0.100	0.100	0.700	0.100
0.100	0.100	0.100	0.700
0.100	0.100	0.700	0.100
>MGKGGCTTCA	22-MGKGGCTTCA	-1.807701	-203.537282	0	T:867.0(94.24%),B:16220.1(66.71%),P:1e-88	Tpos:1497.0,Tstd:844.6,Bpos:693.0,Bstd:770.1,StrandBias:0.0,Multiplicity:2.45
0.418	0.325	0.001	0.256
0.256	0.001	0.742	0.001
0.001	0.001	0.512	0.486
0.001	0.001	0.997	0.001
0.001	0.001	0.997	0.001
0.001	0.997	0.001	0.001
0.001	0.001	0.001	0.997
0.001	0.001	0.001	0.997
0.001	0.997	0.001	0.001
0.997	0.001	0.001	0.001
>CCACCCCACC	23-CCACCCCACC	-0.357792	-201.262409	0	T:854.0(92.83%),B:15705.6(64.59%),P:1e-87	Tpos:1460.4,Tstd:850.2,Bpos:794.6,Bstd:845.3,StrandBias:-0.0,Multiplicity:3.71
0.001	0.997	0.001	0.001
0.001	0.997	0.001	0.001
0.997	0.001	0.001	0.001
0.001	0.997	0.001	0.001
0.001	0.997	0.001	0.001
0.001	0.997	0.001	0.001
0.001	0.681	0.001	0.317
0.997	0.001	0.001	0.001
0.001	0.997	0.001	0.001
0.001	0.997	0.001	0.001
>GGGTAACACT	24-GGGTAACACT	-0.056981	-195.210469	0	T:803.0(87.28%),B:13884.4(57.10%),P:1e-84	Tpos:1465.8,Tstd:871.0,Bpos:684.1,Bstd:687.1,StrandBias:0.2,Multiplicity:3.42
0.001	0.001	0.997	0.001
0.078	0.001	0.920	0.001
0.001	0.001	0.997	0.001
0.001	0.001	0.001	0.997
0.997	0.001	0.001	0.001
0.997	0.001	0.001	0.001
0.001	0.997	0.001	0.001
0.997	0.001	0.001	0.001
0.001	0.997	0.001	0.001
0.001	0.001	0.001	0.997
>CTCTCATTGT	25-CTCTCATTGT	6.404373	-158.864269	0	T:893.0(97.07%),B:18507.7(76.12%),P:1e-68	Tpos:1489.2,Tstd:873.9,Bpos:659.3,Bstd:672.9,StrandBias:-0.0,Multiplicity:4.35
0.100	0.700	0.100	0.100
0.100	0.100	0.100	0.700
0.100	0.700	0.100	0.100
0.100	0.100	0.100	0.700
0.100	0.700	0.100	0.100
0.700	0.100	0.100	0.100
0.100	0.100	0.100	0.700
0.100	0.100	0.100	0.700
0.100	0.100	0.700	0.100
0.100	0.100	0.100	0.700
>TGCACGTCGATT	1-TGCACGTCGATT	-5.363534	-266.601728	0	T:779.0(84.67%),B:11622.0(47.80%),P:1e-115	Tpos:1524.5,Tstd:853.7,Bpos:671.4,Bstd:665.6,StrandBias:0.0,Multiplicity:2.17
0.001	0.001	0.001	0.997
0.001	0.001	0.997	0.001
0.001	0.997	0.001	0.001
0.997	0.001	0.001	0.001
0.001	0.712	0.286	0.001
0.001	0.001	0.997	0.001
0.001	0.001	0.001	0.997
0.001	0.997	0.001	0.001
0.001	0.001	0.997	0.001
0.997	0.001	0.001	0.001
0.001	0.001	0.286	0.712
0.001	0.001	0.001	0.997
>CTTAGCCGGTTC	2-CTTAGCCGGTTC	-6.365566	-246.734915	0	T:822.0(89.35%),B:13489.3(55.48%),P:1e-107	Tpos:1502.8,Tstd:853.9,Bpos:671.6,Bstd:686.7,StrandBias:0.1,Multiplicity:2.38
0.001	0.997	0.001	0.001
0.001	0.001	0.001	0.997
0.001	0.001	0.001	0.997
0.893	0.001	0.105	0.001
0.001	0.001	0.997	0.001
0.001	0.997	0.001	0.001
0.001	0.997	0.001	0.001
0.001	0.001	0.997	0.001
0.001	0.001	0.997	0.001
0.001	0.001	0.001	0.997
0.001	0.001	0.001	0.997
0.001	0.997	0.001	0.001
>ATCAGGTGGGTC	3-ATCAGGTGGGTC	6.517702	-236.755811	0	T:769.0(83.59%),B:11871.8(48.83%),P:1e-102	Tpos:1578.2,Tstd:845.4,Bpos:717.3,Bstd:781.7,StrandBias:-0.0,Multiplicity:2.67
0.700	0.100	0.100	0.100
0.100	0.100	0.100	0.700
0.100	0.700	0.100	0.100
0.700	0.100	0.100	0.100
0.100	0.100	0.700	0.100
0.100	0.100	0.700	0.100
0.100	0.100	0.100	0.700
0.100	0.100	0.700	0.100
0.100	0.100	0.700	0.100
0.100	0.100	0.700	0.100
0.100	0.100	0.100	0.700
0.100	0.700	0.100	0.100
>AATGRGTTGACB	4-AATGRGTTGACB	-0.807454	-231.573109	0	T:800.0(86.96%),B:13007.4(53.50%),P:1e-100	Tpos:1488.9,Tstd:856.3,Bpos:664.5,Bstd:713.1,StrandBias:0.0,Multiplicity:2.49
0.997	0.001	0.001	0.001
0.997	0.001	0.001	0.001
0.001	0.001	0.001	0.997
0.001	0.001	0.997	0.001
0.335	0.247	0.418	0.001
0.001	0.001	0.752	0.246
0.001	0.001	0.001	0.997
0.001	0.001	0.001	0.997
0.001	0.001	0.997	0.001
0.997	0.001	0.001	0.001
0.001	0.716	0.282	0.001
0.001	0.381	0.283	0.335
>GTGRGATGTGAG	5-GTGRGATGTGAG	6.272580	-229.944739	0	T:837.0(90.98%),B:14401.2(59.23%),P:1e-99	Tpos:1509.5,Tstd:854.4,Bpos:685.9,Bstd:669.6,StrandBias:-0.1,Multiplicity:2.66
0.100	0.119	0.640	0.141
0.029	0.007	0.094	0.870
0.001	0.007	0.694	0.298
0.508	0.004	0.487	0.001
0.095	0.109	0.735	0.061
0.619	0.008	0.372	0.001
0.112	0.001	0.107	0.780
0.032	0.058	0.779	0.131
0.205	0.001	0.001	0.793
0.001	0.143	0.810	0.046
0.867	0.001	0.113	0.019
0.001	0.061	0.744	0.194
>CTTTACCTGTTG	6-CTTTACCTGTTG	0.253933	-228.597416	0	T:837.0(90.98%),B:14429.6(59.35%),P:1e-99	Tpos:1473.2,Tstd:854.9,Bpos:701.8,Bstd:749.1,StrandBias:0.1,Multiplicity:2.36
0.364	0.634	0.001	0.001
0.136	0.001	0.198	0.665
0.001	0.136	0.136	0.727
0.001	0.001	0.001	0.997
0.997	0.001	0.001	0.001
0.001	0.635	0.001	0.363
0.001	0.634	0.001	0.364
0.001	0.001	0.001	0.997
0.001	0.001	0.698	0.300
0.001	0.001	0.001	0.997
0.001	0.001	0.001	0.997
0.001	0.001	0.997	0.001
>TTGGGTTCACCA	7-TTGGGTTCACCA	-0.067710	-226.890589	0	T:808.0(87.83%),B:13384.7(55.05%),P:1e-98	Tpos:1508.0,Tstd:875.3,Bpos:671.4,Bstd:674.6,StrandBias:-0.0,Multiplicity:2.42
0.064	0.302	0.001	0.633
0.373	0.001	0.001	0.625
0.144	0.001	0.854	0.001
0.001	0.001	0.582	0.416
0.001	0.001	0.997	0.001
0.001	0.001	0.001	0.997
0.001	0.001	0.001	0.997
0.001	0.625	0.001	0.373
0.980	0.018	0.001	0.001
0.001	0.953	0.001	0.045
0.001	0.997	0.001	0.001
0.997	0.001	0.001	0.001
>TGTCAGAACATG	8-TGTCAGAACATG	5.845299	-217.351024	0	T:852.0(92.61%),B:15272.9(62.81%),P:1e-94	Tpos:1430.4,Tstd:866.5,Bpos:662.2,Bstd:664.5,StrandBias:0.1,Multiplicity:2.32
0.001	0.001	0.055	0.943
0.081	0.001	0.826	0.092
0.025	0.001	0.161	0.813
0.061	0.548	0.006	0.385
0.853	0.001	0.001	0.145
0.048	0.238	0.633	0.081
0.703	0.171	0.057	0.069
0.838	0.001	0.056	0.105
0.133	0.733	0.133	0.001
0.665	0.051	0.001	0.283
0.077	0.001	0.042	0.880
0.001	0.001	0.842	0.156
>CCYGACTCCTAY	9-CCYGACTCCTAY	-5.589988	-212.083609	0	T:829.0(90.11%),B:14469.9(59.51%),P:1e-92	Tpos:1527.6,Tstd:855.8,Bpos:711.5,Bstd:759.5,StrandBias:-0.1,Multiplicity:2.66
0.305	0.693	0.001	0.001
0.001	0.997	0.001	0.001
0.001	0.526	0.001	0.472
0.001	0.001	0.997	0.001
0.693	0.305	0.001	0.001
0.001	0.997	0.001	0.001
0.001	0.001	0.001	0.997
0.001	0.997	0.001	0.001
0.001	0.997	0.001	0.001
0.001	0.001	0.001	0.997
0.997	0.001	0.001	0.001
0.001	0.526	0.001	0.472
>GGGAGTCATGTT	10-GGGAGTCATGTT	1.519118	-211.103256	0	T:744.0(80.87%),B:11606.1(47.73%),P:1e-91	Tpos:1489.6,Tstd:864.4,Bpos:699.6,Bstd:751.9,StrandBias:-0.0,Multiplicity:2.39
0.001	0.001	0.948	0.050
0.267	0.001	0.731	0.001
0.001	0.001	0.997	0.001
0.924	0.001	0.074	0.001
0.001	0.001	0.938	0.060
0.001	0.001	0.334	0.664
0.002	0.613	0.384	0.001
0.982	0.001	0.010	0.007
0.047	0.001	0.001	0.951
0.001	0.033	0.965	0.001
0.001	0.001	0.006	0.992
0.001	0.045	0.001	0.953
>GAACACACCTTT	11-GAACACACCTTT	6.015652	-209.988519	0	T:847.0(92.07%),B:15224.8(62.62%),P:1e-91	Tpos:1507.8,Tstd:860.4,Bpos:733.7,Bstd:826.4,StrandBias:0.0,Multiplicity:2.25
0.307	0.015	0.670	0.008
0.793	0.046	0.048	0.113
0.821	0.107	0.014	0.058
0.241	0.503	0.118	0.138
0.840	0.001	0.096	0.063
0.137	0.733	0.089	0.041
0.854	0.037	0.034	0.075
0.088	0.705	0.134	0.073
0.089	0.703	0.090	0.118
0.117	0.035	0.042	0.806
0.018	0.124	0.054	0.804
0.070	0.086	0.054	0.790
>TGYTAMARGGGG	12-TGYTAMARGGGG	6.807295	-209.581028	0	T:767.0(83.37%),B:12360.2(50.83%),P:1e-91	Tpos:1486.8,Tstd:873.8,Bpos:757.1,Bstd:814.7,StrandBias:0.2,Multiplicity:2.87
0.291	0.004	0.216	0.489
0.016	0.001	0.914	0.069
0.168	0.366	0.030	0.435
0.400	0.007	0.043	0.550
0.709	0.024	0.186	0.081
0.348	0.329	0.188	0.136
0.809	0.141	0.001	0.049
0.320	0.096	0.398	0.186
0.135	0.001	0.572	0.292
0.344	0.001	0.654	0.001
0.001	0.001	0.879	0.119
0.184	0.095	0.649	0.072
>TAGAGRTTATCT	13-TAGAGRTTATCT	5.274785	-209.122300	0	T:853.0(92.72%),B:15491.7(63.71%),P:1e-90	Tpos:1531.0,Tstd:862.4,Bpos:699.3,Bstd:709.8,StrandBias:0.1,Multiplicity:2.44
0.124	0.001	0.001	0.874
0.797	0.097	0.001	0.105
0.124	0.001	0.820	0.055
0.600	0.258	0.141	0.001
0.143	0.262	0.516	0.079
0.382	0.099	0.518	0.001
0.001	0.156	0.140	0.703
0.054	0.001	0.016	0.929
0.592	0.001	0.001	0.406
0.001	0.350	0.042	0.607
0.001	0.916	0.001	0.082
0.001	0.001	0.124	0.874
>TAGTGTTACCCT	14-TAGTGTTACCCT	3.685506	-208.624470	0	T:753.0(81.85%),B:11936.6(49.09%),P:1e-90	Tpos:1490.6,Tstd:890.8,Bpos:672.0,Bstd:664.1,StrandBias:-0.0,Multiplicity:2.89
0.099	0.001	0.019	0.881
0.913	0.013	0.019	0.055
0.001	0.001	0.997	0.001
0.038	0.026	0.159	0.777
0.063	0.001	0.935	0.001
0.018	0.019	0.001	0.962
0.275	0.039	0.001	0.685
0.942	0.016	0.029	0.013
0.036	0.954	0.001	0.009
0.221	0.589	0.002	0.188
0.013	0.937	0.016	0.034
0.027	0.098	0.049	0.826
>WCAGGTAARGGT	15-WCAGGTAARGGT	-5.405114	-208.303422	0	T:882.0(95.87%),B:16822.5(69.19%),P:1e-90	Tpos:1480.6,Tstd:869.5,Bpos:694.0,Bstd:748.9,StrandBias:0.1,Multiplicity:3.21
0.523	0.001	0.001	0.475
0.001	0.997	0.001	0.001
0.997	0.001	0.001	0.001
0.001	0.001	0.997	0.001
0.001	0.001	0.997	0.001
0.001	0.001	0.001	0.997
0.997	0.001	0.001	0.001
0.997	0.001	0.001	0.001
0.523	0.001	0.475	0.001
0.001	0.001	0.997	0.001
0.001	0.001	0.997	0.001
0.001	0.001	0.001	0.997
>NTTTCAGATACH	16-NTTTCAGATACH	5.852219	-207.659520	0	T:874.0(95.00%),B:16451.9(67.66%),P:1e-90	Tpos:1507.3,Tstd:856.7,Bpos:701.7,Bstd:752.5,StrandBias:0.1,Multiplicity:2.24
0.283	0.218	0.219	0.280
0.137	0.088	0.114	0.661
0.091	0.106	0.120	0.683
0.116	0.111	0.080	0.693
0.115	0.606	0.101	0.178
0.726	0.059	0.057	0.158
0.206	0.109	0.555	0.130
0.682	0.090	0.086	0.142
0.196	0.121	0.091	0.592
0.643	0.113	0.076	0.168
0.197	0.539	0.115	0.149
0.338	0.226	0.125	0.311
>TAGTCACACATT	17-TAGTCACACATT	6.517702	-207.065739	0	T:860.0(93.48%),B:15834.8(65.12%),P:1e-89	Tpos:1481.0,Tstd:864.8,Bpos:655.6,Bstd:650.1,StrandBias:0.1,Multiplicity:3.41
0.100	0.100	0.100	0.700
0.700	0.100	0.100	0.100
0.100	0.100	0.700	0.100
0.100	0.100	0.100	0.700
0.100	0.700	0.100	0.100
0.700	0.100	0.100	0.100
0.100	0.700	0.100	0.100
0.700	0.100	0.100	0.100
0.100	0.700	0.100	0.100
0.700	0.100	0.100	0.100
0.100	0.100	0.100	0.700
0.100	0.100	0.100	0.700
>AAAGTTGGGTCA	18-AAAGTTGGGTCA	-4.181121	-206.651430	0	T:857.0(93.15%),B:15714.6(64.63%),P:1e-89	Tpos:1490.2,Tstd:854.5,Bpos:680.3,Bstd:737.2,StrandBias:-0.1,Multiplicity:2.55
0.997	0.001	0.001	0.001
0.997	0.001	0.001	0.001
0.997	0.001	0.001	0.001
0.001	0.001	0.997	0.001
0.001	0.001	0.001	0.997
0.001	0.001	0.001	0.997
0.001	0.001	0.997	0.001
0.001	0.001	0.997	0.001
0.001	0.001	0.997	0.001
0.001	0.065	0.001	0.933
0.001	0.997	0.001	0.001
0.997	0.001	0.001	0.001
>AAGTGTTACATA	19-AAGTGTTACATA	5.035142	-206.564022	0	T:768.0(83.48%),B:12456.8(51.23%),P:1e-89	Tpos:1472.8,Tstd:860.3,Bpos:695.4,Bstd:763.5,StrandBias:0.0,Multiplicity:2.45
0.982	0.001	0.016	0.001
0.884	0.026	0.001	0.089
0.111	0.065	0.754	0.070
0.001	0.001	0.001	0.997
0.001	0.097	0.852	0.050
0.001	0.242	0.073	0.684
0.162	0.001	0.017	0.820
0.910	0.001	0.001	0.088
0.142	0.587	0.001	0.270
0.997	0.001	0.001	0.001
0.088	0.001	0.001	0.910
0.804	0.001	0.194	0.001
>RGTGGGGTGGRG	20-RGTGGGGTGGRG	5.784327	-200.282528	0	T:743.0(80.76%),B:11802.8(48.54%),P:1e-86	Tpos:1487.9,Tstd:847.3,Bpos:730.7,Bstd:770.7,StrandBias:-0.0,Multiplicity:2.93
0.525	0.032	0.437	0.006
0.001	0.067	0.931	0.001
0.116	0.104	0.001	0.779
0.064	0.041	0.831	0.064
0.059	0.032	0.877	0.032
0.032	0.001	0.862	0.105
0.132	0.001	0.835	0.032
0.032	0.083	0.001	0.884
0.096	0.001	0.830	0.073
0.032	0.064	0.872	0.032
0.448	0.073	0.406	0.073
0.077	0.342	0.580	0.001
>ACTGTTGGATCT	21-ACTGTTGGATCT	1.578959	-198.555053	0	T:876.0(95.22%),B:16745.6(68.87%),P:1e-86	Tpos:1495.5,Tstd:858.7,Bpos:663.8,Bstd:666.6,StrandBias:0.3,Multiplicity:2.39
0.832	0.001	0.166	0.001
0.166	0.832	0.001	0.001
0.166	0.166	0.001	0.667
0.166	0.166	0.667	0.001
0.166	0.166	0.001	0.667
0.001	0.001	0.001	0.997
0.001	0.001	0.997	0.001
0.001	0.166	0.832	0.001
0.997	0.001	0.001	0.001
0.166	0.001	0.001	0.832
0.001	0.997	0.001	0.001
0.166	0.001	0.001	0.832
>TACTGTTGGATC	22-TACTGTTGGATC	6.517702	-197.579378	0	T:804.0(87.39%),B:13867.1(57.03%),P:1e-85	Tpos:1498.5,Tstd:866.2,Bpos:649.8,Bstd:677.4,StrandBias:-0.0,Multiplicity:2.16
0.100	0.100	0.100	0.700
0.700	0.100	0.100	0.100
0.100	0.700	0.100	0.100
0.100	0.100	0.100	0.700
0.100	0.100	0.700	0.100
0.100	0.100	0.100	0.700
0.100	0.100	0.100	0.700
0.100	0.100	0.700	0.100
0.100	0.100	0.700	0.100
0.700	0.100	0.100	0.100
0.100	0.100	0.100	0.700
0.100	0.700	0.100	0.100
>AGGGACRGGGAC	23-AGGGACRGGGAC	2.346177	-194.065497	0	T:791.0(85.98%),B:13492.9(55.49%),P:1e-84	Tpos:1502.5,Tstd:867.9,Bpos:673.8,Bstd:659.2,StrandBias:-0.0,Multiplicity:3.40
0.839	0.001	0.001	0.159
0.117	0.001	0.881	0.001
0.001	0.001	0.881	0.117
0.159	0.001	0.839	0.001
0.556	0.338	0.001	0.105
0.001	0.800	0.094	0.105
0.566	0.001	0.432	0.001
0.001	0.001	0.997	0.001
0.001	0.001	0.997	0.001
0.001	0.001	0.997	0.001
0.881	0.001	0.001	0.117
0.001	0.881	0.117	0.001
>GTATTTCAGATA	24-GTATTTCAGATA	-4.151551	-187.247486	0	T:878.0(95.43%),B:17093.5(70.30%),P:1e-81	Tpos:1527.4,Tstd:864.3,Bpos:677.1,Bstd:700.8,StrandBias:-0.0,Multiplicity:3.22
0.001	0.001	0.997	0.001
0.001	0.001	0.001	0.997
0.997	0.001	0.001	0.001
0.001	0.001	0.001	0.997
0.001	0.001	0.001	0.997
0.001	0.001	0.001	0.997
0.001	0.997	0.001	0.001
0.997	0.001	0.001	0.001
0.001	0.001	0.997	0.001
0.961	0.001	0.037	0.001
0.001	0.001	0.001	0.997
0.997	0.001	0.001	0.001
>AGAGGAGATGGG	25-AGAGGAGATGGG	-4.515448	-178.869764	0	T:856.0(93.04%),B:16296.0(67.02%),P:1e-77	Tpos:1483.6,Tstd:863.8,Bpos:704.7,Bstd:721.1,StrandBias:-0.1,Multiplicity:2.90
0.816	0.001	0.001	0.182
0.001	0.001	0.997	0.001
0.997	0.001	0.001	0.001
0.001	0.001	0.997	0.001
0.001	0.001	0.997	0.001
0.997	0.001	0.001	0.001
0.001	0.001	0.997	0.001
0.997	0.001	0.001	0.001
0.001	0.182	0.001	0.816
0.001	0.001	0.997	0.001
0.182	0.001	0.816	0.001
0.001	0.001	0.997	0.001
>CGGAAGCC	1-CGGAAGCC	5.319122	-269.416493	0	T:690.0(75.00%),B:8970.7(36.89%),P:1e-117	Tpos:1453.7,Tstd:847.5,Bpos:687.1,Bstd:741.6,StrandBias:-0.0,Multiplicity:1.98
0.001	0.800	0.001	0.198
0.001	0.001	0.933	0.065
0.001	0.001	0.997	0.001
0.997	0.001	0.001	0.001
0.910	0.001	0.088	0.001
0.001	0.001	0.997	0.001
0.202	0.572	0.084	0.142
0.001	0.791	0.207	0.001
>GTYTCTTA	2-GTYTCTTA	6.434556	-267.691129	0	T:802.0(87.17%),B:12370.0(50.87%),P:1e-116	Tpos:1563.4,Tstd:845.8,Bpos:731.2,Bstd:798.7,StrandBias:0.1,Multiplicity:2.76
0.001	0.001	0.878	0.120
0.121	0.149	0.001	0.729
0.126	0.399	0.143	0.333
0.001	0.001	0.154	0.844
0.001	0.997	0.001	0.001
0.001	0.001	0.163	0.835
0.008	0.001	0.127	0.864
0.601	0.098	0.001	0.300
>GACCAAGT	3-GACCAAGT	3.793267	-242.593153	0	T:776.0(84.35%),B:11982.7(49.28%),P:1e-105	Tpos:1500.2,Tstd:854.8,Bpos:662.6,Bstd:665.4,StrandBias:0.2,Multiplicity:2.51
0.001	0.001	0.997	0.001
0.997	0.001	0.001	0.001
0.001	0.997	0.001	0.001
0.001	0.997	0.001	0.001
0.997	0.001	0.001	0.001
0.997	0.001	0.001	0.001
0.001	0.186	0.812	0.001
0.001	0.001	0.151	0.847
>AGAGTTAC	4-AGAGTTAC	3.708281	-233.490686	0	T:862.0(93.70%),B:15359.6(63.17%),P:1e-101	Tpos:1493.9,Tstd:880.4,Bpos:665.0,Bstd:673.2,StrandBias:0.0,Multiplicity:3.69
0.869	0.001	0.001	0.129
0.001	0.001	0.997	0.001
0.835	0.001	0.130	0.034
0.001	0.001	0.997	0.001
0.001	0.001	0.001	0.997
0.130	0.001	0.001	0.868
0.997	0.001	0.001	0.001
0.001	0.997	0.001	0.001
>AATACTCA	5-AATACTCA	6.291044	-219.598322	0	T:843.0(91.63%),B:14856.9(61.10%),P:1e-95	Tpos:1507.1,Tstd:862.3,Bpos:662.9,Bstd:697.2,StrandBias:-0.0,Multiplicity:3.10
0.700	0.100	0.100	0.100
0.700	0.100	0.100	0.100
0.100	0.100	0.100	0.700
0.700	0.100	0.100	0.100
0.100	0.700	0.100	0.100
0.100	0.100	0.100	0.700
0.100	0.700	0.100	0.100
0.700	0.100	0.100	0.100
>GACCCACC	6-GACCCACC	6.291044	-216.802338	0	T:726.0(78.91%),B:10949.6(45.03%),P:1e-94	Tpos:1542.1,Tstd:856.7,Bpos:730.0,Bstd:787.2,StrandBias:-0.1,Multiplicity:2.50
0.100	0.100	0.700	0.100
0.700	0.100	0.100	0.100
0.100	0.700	0.100	0.100
0.100	0.700	0.100	0.100
0.100	0.700	0.100	0.100
0.700	0.100	0.100	0.100
0.100	0.700	0.100	0.100
0.100	0.700	0.100	0.100
>GTGGGGTG	7-GTGGGGTG	4.012585	-215.554650	0	T:818.0(88.91%),B:13983.5(57.51%),P:1e-93	Tpos:1505.4,Tstd:847.7,Bpos:732.2,Bstd:775.2,StrandBias:-0.0,Multiplicity:3.72
0.001	0.001	0.997	0.001
0.001	0.001	0.001	0.997
0.001	0.001	0.997	0.001
0.001	0.139	0.859	0.001
0.001	0.001	0.997	0.001
0.001	0.001	0.997	0.001
0.001	0.001	0.001	0.997
0.001	0.001	0.997	0.001
>CATTGTAT	8-CATTGTAT	6.291044	-214.312342	0	T:868.0(94.35%),B:16031.9(65.94%),P:1e-93	Tpos:1477.1,Tstd:876.2,Bpos:682.5,Bstd:736.1,StrandBias:0.0,Multiplicity:3.80
0.100	0.700	0.100	0.100
0.700	0.100	0.100	0.100
0.100	0.100	0.100	0.700
0.100	0.100	0.100	0.700
0.100	0.100	0.700	0.100
0.100	0.100	0.100	0.700
0.700	0.100	0.100	0.100
0.100	0.100	0.100	0.700
>TAGCCGGT	9-TAGCCGGT	6.291044	-206.237017	0	T:604.0(65.65%),B:7900.7(32.49%),P:1e-89	Tpos:1534.3,Tstd:851.6,Bpos:669.2,Bstd:683.4,StrandBias:0.2,Multiplicity:1.87
0.100	0.100	0.100	0.700
0.700	0.100	0.100	0.100
0.100	0.100	0.700	0.100
0.100	0.700	0.100	0.100
0.100	0.700	0.100	0.100
0.100	0.100	0.700	0.100
0.100	0.100	0.700	0.100
0.100	0.100	0.100	0.700
>GGGACAGG	10-GGGACAGG	6.291044	-202.596433	0	T:806.0(87.61%),B:13828.8(56.87%),P:1e-87	Tpos:1520.4,Tstd:864.2,Bpos:702.4,Bstd:729.7,StrandBias:-0.1,Multiplicity:3.02
0.100	0.100	0.700	0.100
0.100	0.100	0.700	0.100
0.100	0.100	0.700	0.100
0.700	0.100	0.100	0.100
0.100	0.700	0.100	0.100
0.700	0.100	0.100	0.100
0.100	0.100	0.700	0.100
0.100	0.100	0.700	0.100
>AGGGGAGT	11-AGGGGAGT	6.291044	-195.156264	0	T:824.0(89.57%),B:14650.4(60.25%),P:1e-84	Tpos:1478.3,Tstd:849.5,Bpos:713.8,Bstd:750.6,StrandBias:0.0,Multiplicity:3.16
0.700	0.100	0.100	0.100
0.100	0.100	0.700	0.100
0.100	0.100	0.700	0.100
0.100	0.100	0.700	0.100
0.100	0.100	0.700	0.100
0.700	0.100	0.100	0.100
0.100	0.100	0.700	0.100
0.100	0.100	0.100	0.700
